herb Basil			0,0,1,1,1,1,0,0,0,0,0,0 0,0,0,0,1,1,1,0,0,0,0,0 0,0,0,0,0,1,1,1,1,1,0,0 0
herb Chives			0,0,1,1,1,0,0,0,0,0,0,0 0,0,0,1,1,1,1,1,0,0,0,0 0,0,0,0,0,1,1,1,1,1,0,0 1
herb Parsil			0,1,1,1,1,1,1,0,0,0,0,0 0,0,0,1,1,1,1,0,0,0,0,0 0,0,0,0,1,1,1,1,1,1,0,0 1
herb Cilantro		0,0,1,1,1,0,0,0,0,0,0,0 0,0,0,0,1,1,1,0,0,0,0,0 0,0,0,0,0,0,1,1,1,1,0,0 0
herb Garlic			0,0,0,0,0,0,0,0,0,0,0,0 0,1,1,1,0,0,0,0,1,1,1,0 0,0,0,0,0,1,1,1,1,0,0,0 1
herb Mint			0,0,1,1,0,0,0,0,0,0,0,0 0,0,0,1,1,1,1,1,0,0,0,0 0,0,0,0,0,0,1,1,1,1,0,0 1
herb Oregano		0,0,1,1,1,0,0,0,0,0,0,0 0,0,0,0,1,1,0,0,0,0,0,0 0,0,0,0,0,1,1,1,1,0,0,0 1
herb Tarragon		0,0,1,1,0,0,0,0,0,0,0,0 0,0,0,0,1,1,0,0,0,0,0,0 0,0,0,0,0,1,1,1,1,0,0,0 1
vegetable Artichoke	0,0,1,1,0,0,0,0,0,0,0,0 0,0,0,0,1,0,0,0,0,0,0,0 0,0,0,0,0,0,0,1,1,0,0,0 80 1 1
vegetable Salad		0,0,1,1,0,0,0,0,0,0,0,0 0,0,0,0,1,1,1,1,0,0,0,0 0,0,0,0,1,1,1,1,1,1,1,0 30 1 1
vegetable Spinach	1,1,0,0,0,0,0,0,0,0,0,0 1,1,1,1,1,1,1,1,0,0,0,0 0,0,0,1,1,1,1,1,1,1,1,0 10 1 0 
vegetable Potato	0,0,1,1,0,0,0,0,0,0,0,0 0,0,0,1,1,1,0,0,0,0,0,0 0,0,0,0,0,0,1,1,1,0,0,0 0 1 1
vegetable Carrot	0,0,1,1,0,0,0,0,0,0,0,0 0,0,0,1,1,1,0,0,0,0,0,0 0,0,0,0,0,1,1,1,1,0,0,0 3 1 1
vegetable Broccoli	0,0,0,1,0,0,0,0,0,0,0,0 0,0,0,0,0,1,0,0,0,0,0,0 1,1,1,1,0,0,0,0,0,1,1,1 40 0 0
vegetable Radish	0,0,1,0,0,0,0,0,0,0,0,0 0,0,0,1,1,1,1,1,1,0,0,0 0,0,0,1,1,1,1,1,1,1,0,0 5 1 0
vegetable Onion		0,0,0,0,0,0,0,0,0,0,0,0 0,0,0,0,0,0,0,1,0,0,0,0 0,0,0,0,1,1,0,0,0,0,0,0 15 1 0
legume Pea			0,1,1,0,0,0,0,0,0,0,0,0 0,0,0,1,1,0,0,0,0,0,0,0 0,0,0,0,0,1,1,0,0,0,0,0 1
legume Greenbean	0,0,1,1,0,0,0,0,0,0,0,0 0,0,0,0,1,1,1,0,0,0,0,0 0,0,0,0,0,0,0,1,1,0,0,0 1
legume Kidneybean	0,0,0,0,0,0,0,0,0,0,0,0 0,0,0,0,1,1,0,0,0,0,0,0 0,0,0,0,0,0,1,1,1,0,0,0 0
legume Lentil		0,1,1,0,0,0,0,0,0,0,0,0 0,0,1,1,0,0,0,0,0,0,0,0 0,0,0,0,0,0,0,1,1,0,0,0 0
fruit Strawberry	0,1,0,0,0,0,0,0,0,0,0,0 0,0,1,1,0,0,0,0,1,0,0,0 0,0,0,0,0,1,0,0,1,0,0,0 1
fruit Rapsberry		0,0,0,0,0,0,0,0,0,0,0,0 0,0,0,0,0,0,0,0,0,1,1,0 0,0,0,0,0,1,0,0,1,0,0,0 0
fruit Currant		0,0,0,0,0,0,0,0,0,0,0,0 0,0,0,0,0,0,0,0,0,1,1,0 0,0,0,0,0,1,0,0,0,0,0,0 0
fruit Blueberry		0,0,0,0,0,0,0,0,0,0,0,0 0,0,0,0,0,0,0,0,0,1,1,0 0,0,0,0,0,1,0,0,0,0,0,0 0

